Pixel-X	Pixel-Y	Longitude	Latitude	lat	lon	rhos_492	rhos_559	rhos_665	rhos_739	rhos_833	rhos_1610	FDI	NDVI
25.5	0.5	-123.72199249267578	49.163612365722656	49.163612	-123.72199	0.013251368	0.012262885	0.0061941785	0.0064998856	0.0061046905	0.0020168829	0.022166228	0.12700555
175.5	0.5	-123.701416015625	49.16374206542969	49.163742	-123.701416	0.013372416	0.012023446	0.0068557323	0.006608971	0.0061046905	0.0022179766	0.019133292	0.2176198
288.5	24.5	-123.6858901977539	49.16167449951172	49.161674	-123.68589	0.013856559	0.013819006	0.008178724	0.008354244	0.008064789	0.003323989	0.028770385	0.23472092
99.5	42.5	-123.7117919921875	49.15989685058594	49.159897	-123.71179	0.012888212	0.013100845	0.0080684805	0.014570319	0.010133616	0.010462687	0.024594765	0.23505998
94.5	43.5	-123.71247100830078	49.15980529785156	49.159805	-123.71247	0.011798536	0.013100845	0.007406996	0.0107537	0.00948032	0.005033272	0.019810412	0.17452216
95.5	43.5	-123.71233367919922	49.15980529785156	49.159805	-123.71233	0.010708563	0.012382604	0.007627495	0.006718057	0.009371436	0.0049327263	0.031987462	0.21985275
98.5	43.5	-123.71192169189453	49.15980911254883	49.15981	-123.71192	0.013251368	0.014178061	0.007627495	0.0144612845	0.019604519	0.009859425	0.027081355	0.14747638
200.5	44.5	-123.69793701171875	49.1598014831543	49.1598	-123.69794	0.016881142	0.013938695	0.008729925	0.010971819	0.011004652	0.0056365463	0.025316453	0.12871388
99.5	45.5	-123.71178436279297	49.159629821777344	49.15963	-123.711784	0.0347397	0.042001046	0.04208385	0.047684234	0.088298745	0.06163453	0.02919682	0.23658091
205.5	49.5	-123.6972427368164	49.159358978271484	49.15936	-123.69724	0.05994252	0.07693094	0.08443538	0.12910359	0.1504196	0.23709247	0.047430858	0.1771461
297.5	49.5	-123.68462371826172	49.15943145751953	49.15943	-123.68462	0.015066668	0.026253983	0.012036588	0.011735199	0.013835308	0.0042289053	0.050530344	0.16253842
79.5	51.5	-123.71452331542969	49.15907287597656	49.159073	-123.71452	0.0	0.0	0.0	0.0	0.0	0.0	0.04115751	0.22882013
80.5	51.5	-123.71438598632812	49.15907287597656	49.159073	-123.714386	0.0	0.0	0.0	0.0	0.0	0.0	0.054693993	0.23129705
296.5	51.5	-123.68476104736328	49.15925216674805	49.159252	-123.68476	0.0167602	0.024462014	0.011375329	0.02710458	0.009698088	0.010060512	0.060163017	0.020559281
292.5	52.5	-123.68531036376953	49.15916061401367	49.15916	-123.68531	0.021594897	0.032820124	0.023382276	0.14479949	0.22135213	0.07490341	0.05381409	0.033198804
81.5	58.5	-123.7142333984375	49.158443450927734	49.158443	-123.71423	0.0	0.0	0.0	0.0	0.0	0.0	0.030632453	0.15112287
118.5	58.5	-123.70915985107422	49.15847396850586	49.158474	-123.70916	0.0	0.0	0.0	0.0	0.0	0.0	0.030075818	0.10417011
119.5	58.5	-123.70902252197266	49.158477783203125	49.158478	-123.70902	0.0	0.0	0.0	0.0	0.0	0.0	0.028576618	0.052838616
119.5	60.5	-123.70902252197266	49.158294677734375	49.158295	-123.70902	0.0	0.0	0.0	0.0	0.0	0.0	0.02608024	0.23947413
120.5	60.5	-123.7088851928711	49.15829849243164	49.1583	-123.708885	0.0	0.0	0.0	0.0	0.0	0.0	0.04319531	0.22053353
161.5	60.5	-123.70326232910156	49.15833282470703	49.158333	-123.70326	0.0	0.0	0.0	0.0	0.0	0.0	0.051265124	0.22292683
119.5	61.5	-123.70902252197266	49.158206939697266	49.158207	-123.70902	0.0	0.0	0.0	0.0	0.0	0.0	0.021621028	0.19356321
161.5	61.5	-123.70326232910156	49.158241271972656	49.15824	-123.70326	0.0	0.0	0.0	0.0	0.0	0.0	0.018160956	0.23054628
71.5	64.5	-123.7155990600586	49.157894134521484	49.157894	-123.7156	0.0	0.0	0.0	0.0	0.0	0.0	0.042973593	0.23673339
69.5	65.5	-123.71587371826172	49.15780258178711	49.157803	-123.71587	0.0	0.0	0.0	0.0	0.0	0.0	0.047756895	0.22292419
71.5	65.5	-123.7155990600586	49.157806396484375	49.157806	-123.7156	0.0	0.0	0.0	0.0	0.0	0.0	0.0389549	0.2250014
72.5	65.5	-123.71546173095703	49.157806396484375	49.157806	-123.71546	0.0	0.0	0.0	0.0	0.0	0.0	0.049564168	0.2125761
65.5	69.5	-123.71641540527344	49.157440185546875	49.15744	-123.716415	0.0	0.0	0.0	0.0	0.0	0.0	0.026721051	0.2037931
65.5	70.5	-123.71641540527344	49.157352447509766	49.157352	-123.716415	0.0	0.0	0.0	0.0	0.0	0.0	0.03148799	0.23289026
62.5	71.5	-123.71682739257812	49.157257080078125	49.157257	-123.71683	0.0	0.0	0.0	0.0	0.0	0.0	0.019895157	0.190345
65.5	71.5	-123.71641540527344	49.15726089477539	49.15726	-123.716415	0.0	0.0	0.0	0.0	0.0	0.0	0.04673469	0.23495948
67.5	71.5	-123.71614074707031	49.15726089477539	49.15726	-123.71614	0.0	0.0	0.0	0.0	0.0	0.0	0.027587768	0.1043508
65.5	72.5	-123.71641540527344	49.157169342041016	49.15717	-123.716415	0.0	0.0	0.0	0.0	0.0	0.0	0.021048078	0.21527927
65.5	73.5	-123.71641540527344	49.157081604003906	49.15708	-123.716415	0.0	0.0	0.0	0.0	0.0	0.0	0.024087403	0.16270752
63.5	75.5	-123.71668243408203	49.156898498535156	49.1569	-123.71668	0.0	0.0	0.0	0.0	0.0	0.0	0.044266038	0.22881652
63.5	76.5	-123.71668243408203	49.15681076049805	49.15681	-123.71668	0.0	0.0	0.0	0.0	0.0	0.0	0.023251632	0.17920634
57.5	77.5	-123.7175064086914	49.156715393066406	49.156715	-123.71751	0.0	0.0	0.0	0.0	0.0	0.0	0.022245351	0.18087673
59.5	77.5	-123.71723175048828	49.156715393066406	49.156715	-123.71723	0.0	0.0	0.0	0.0	0.0	0.0	0.026388284	0.1811429
61.5	77.5	-123.71695709228516	49.15671920776367	49.15672	-123.71696	0.0	0.0	0.0	0.0	0.0	0.0	0.032481547	0.2029792
63.5	77.5	-123.71668243408203	49.15671920776367	49.15672	-123.71668	0.0	0.0	0.0	0.0	0.0	0.0	0.022629496	0.099570885
52.5	78.5	-123.71818542480469	49.156620025634766	49.15662	-123.718185	0.0	0.0	0.0	0.0	0.0	0.0	0.01952445	0.16046263
407.5	78.5	-123.66950225830078	49.15691375732422	49.156914	-123.6695	0.020024266	0.017767418	0.011375329	0.010862759	0.0105691375	0.00533491	0.018718664	0.021032985
412.5	78.5	-123.66881561279297	49.156917572021484	49.156918	-123.668816	0.016639257	0.018843822	0.011044689	0.009663084	0.009806971	0.0049327263	0.03710709	0.061543975
413.5	78.5	-123.6686782836914	49.156917572021484	49.156918	-123.66868	0.0167602	0.01824584	0.011705965	0.008572392	0.009589204	0.004530543	0.06507456	0.05485891
414.5	78.5	-123.66854095458984	49.156917572021484	49.156918	-123.66854	0.018453013	0.01812624	0.011265117	0.008572392	0.0090447785	0.004530543	0.028561441	0.036565106
415.5	78.5	-123.66840362548828	49.156917572021484	49.156918	-123.6684	0.017969428	0.016810458	0.011485544	0.009226813	0.010351378	0.00533491	0.025499597	0.029408036
54.5	79.5	-123.71791076660156	49.156532287597656	49.156532	-123.71791	0.0	0.0	0.0	0.0	0.0	0.0	0.028600685	0.23064226
57.5	79.5	-123.71749877929688	49.15653610229492	49.156536	-123.7175	0.0	0.0	0.0	0.0	0.0	0.0	0.020498928	0.13196582
59.5	79.5	-123.71722412109375	49.15653610229492	49.156536	-123.717224	0.0	0.0	0.0	0.0	0.0	0.0	0.018589111	0.07069787
409.5	79.5	-123.66922760009766	49.15682601928711	49.156826	-123.66923	0.020024266	0.018485041	0.012697807	0.01140804	0.013508711	0.006038728	0.039525833	0.023411738
411.5	80.5	-123.66895294189453	49.156734466552734	49.156734	-123.66895	0.020024266	0.018365445	0.012146793	0.010317462	0.009153666	0.005737092	0.02516393	0.029686116
412.5	80.5	-123.66881561279297	49.15673828125	49.15674	-123.668816	0.019782571	0.017288959	0.011154902	0.010317462	0.010242496	0.005737092	0.04643133	0.047941815
413.5	80.5	-123.6686782836914	49.15673828125	49.15674	-123.66868	0.018090323	0.017288959	0.010383377	0.008899606	0.008935893	0.004731635	0.052203704	0.02894483
414.5	80.5	-123.66854095458984	49.15673828125	49.15674	-123.66854	0.01833212	0.01788703	0.010714036	0.008899606	0.00948032	0.004731635	0.037954528	0.024760451
416.5	80.5	-123.66826629638672	49.15673828125	49.15674	-123.66827	0.018453013	0.017528191	0.011265117	0.010317462	0.008827006	0.005033272	0.066425964	0.057983097
418.5	80.5	-123.6679916381836	49.156742095947266	49.156742	-123.66799	0.01954087	0.01920258	0.0131386	0.011626147	0.0105691375	0.005435455	0.04478886	0.06547929
419.5	80.5	-123.66785430908203	49.156742095947266	49.156742	-123.667854	0.0205076	0.018724227	0.012477404	0.010099338	0.010460257	0.00533491	0.050999608	0.047228504
55.5	81.5	-123.7177734375	49.15635299682617	49.156353	-123.71777	0.0	0.0	0.0	0.0	0.0	0.0	0.032614786	0.17006016
57.5	81.5	-123.71749877929688	49.15635299682617	49.156353	-123.7175	0.0	0.0	0.0	0.0	0.0	0.0	0.025485625	0.09868802
421.5	81.5	-123.6675796508789	49.156654357910156	49.156654	-123.66758	0.018694779	0.01824584	0.012477404	0.009990276	0.007847006	0.00533491	0.029631691	0.03962625
416.5	82.5	-123.66826629638672	49.156558990478516	49.15656	-123.66827	0.018936541	0.017049713	0.012036588	0.010644642	0.010024734	0.0051338184	0.03013978	0.029321091
418.5	82.5	-123.6679916381836	49.15656280517578	49.156563	-123.66799	0.020870063	0.018006632	0.011816175	0.009881212	0.010024734	0.0056365463	0.061672866	0.059087954
419.5	82.5	-123.66785430908203	49.15656280517578	49.156563	-123.667854	0.020265937	0.018006632	0.012036588	0.009444947	0.010678017	0.0056365463	0.039308254	0.025108792
53.5	83.5	-123.71804809570312	49.15616989135742	49.15617	-123.71805	0.0	0.0	0.0	0.0	0.0	0.0	0.020865122	0.12817933
55.5	83.5	-123.7177734375	49.15617370605469	49.156174	-123.71777	0.0	0.0	0.0	0.0	0.0	0.0	0.01828202	0.029694304
425.5	83.5	-123.66703033447266	49.15647506713867	49.156475	-123.66703	0.0205076	0.018006632	0.012587605	0.010644642	0.010786895	0.0055360007	0.050082505	0.13509636
423.5	84.5	-123.66730499267578	49.1563835144043	49.156384	-123.667305	0.020145098	0.020278739	0.012697807	0.012171403	0.0123111475	0.00684309	0.044902213	0.028696043
425.5	84.5	-123.66703033447266	49.15638732910156	49.156387	-123.66703	0.02038677	0.01824584	0.013579373	0.011298986	0.011113528	0.0061392738	0.041076347	0.11592798
49.5	85.5	-123.71858978271484	49.15598678588867	49.155987	-123.71859	0.0	0.0	0.0	0.0	0.0	0.0	0.02160487	0.12031342
51.5	85.5	-123.71831512451172	49.15599060058594	49.15599	-123.718315	0.0	0.0	0.0	0.0	0.0	0.0	0.021372674	0.064574115
231.5	85.5	-123.69363403320312	49.1561393737793	49.15614	-123.693634	0.0	0.0	0.0	0.0	0.0	0.0	0.041899066	0.047654834
226.5	86.5	-123.6943130493164	49.15604782104492	49.156048	-123.69431	0.0	0.0	0.0	0.0	0.0	0.0	0.03913244	0.06736987
62.5	92.5	-123.716796875	49.15536880493164	49.15537	-123.7168	0.0	0.0	0.0	0.0	0.0	0.0	0.018674877	0.106023304
63.5	104.5	-123.71664428710938	49.15428924560547	49.15429	-123.716644	0.0	0.0	0.0	0.0	0.0	0.0	0.04157544	0.08909307
49.5	113.5	-123.71855163574219	49.15346908569336	49.15347	-123.71855	0.0	0.0	0.0	0.0	0.0	0.0	0.023805764	0.17191066
49.5	116.5	-123.71855163574219	49.1531982421875	49.1532	-123.71855	0.0	0.0	0.0	0.0	0.0	0.0	0.024451986	0.23757471
51.5	118.5	-123.71827697753906	49.153018951416016	49.15302	-123.71828	0.0	0.0	0.0	0.0	0.0	0.0	0.018613834	0.06573182
206.5	118.5	-123.697021484375	49.15315246582031	49.153152	-123.69702	0.0	0.0	0.0	0.0	0.0	0.0	0.03723476	0.041587986
49.5	119.5	-123.71854400634766	49.15292739868164	49.152927	-123.718544	0.0	0.0	0.0	0.0	0.0	0.0	0.022007758	0.23618849
206.5	119.5	-123.69701385498047	49.15306091308594	49.15306	-123.697014	0.0	0.0	0.0	0.0	0.0	0.0	0.03600294	0.042873226
223.5	121.5	-123.69468688964844	49.152896881103516	49.152897	-123.69469	0.020870063	0.021593787	0.013028404	0.014897417	0.01437963	0.008552351	0.02246429	0.22282779
53.5	123.5	-123.7179946899414	49.15257263183594	49.152573	-123.717995	0.0	0.0	0.0	0.0	0.0	0.0	0.018737294	0.17120422
220.5	124.5	-123.6950912475586	49.15262222290039	49.152622	-123.69509	0.020749243	0.021832854	0.014901596	0.014570319	0.014488494	0.008853983	0.019412586	0.095506035
476.5	128.5	-123.65998077392578	49.152469635009766	49.15247	-123.65998	0.019178279	0.018365445	0.013799755	0.0115170935	0.011222404	0.0065414547	0.019495927	0.06072247
474.5	129.5	-123.6602554321289	49.15237808227539	49.152378	-123.660255	0.0205076	0.019441742	0.013799755	0.011298986	0.011875657	0.006340364	0.019614717	0.065620415
476.5	129.5	-123.65998077392578	49.15237808227539	49.152378	-123.65998	0.019299146	0.018604636	0.013579373	0.0115170935	0.010133616	0.0065414547	0.019142289	0.06600805
474.5	130.5	-123.6602554321289	49.152286529541016	49.152287	-123.660255	0.018815663	0.02075697	0.013028404	0.011298986	0.010678017	0.0062398184	0.030036403	0.02297111
476.5	130.5	-123.65998077392578	49.15229034423828	49.15229	-123.65998	0.020265937	0.018724227	0.013909943	0.01140804	0.010786895	0.005737092	0.045761544	0.068447545
477.5	130.5	-123.65984344482422	49.15229034423828	49.15229	-123.65984	0.020024266	0.01824584	0.014020132	0.011626147	0.010460257	0.0066419994	0.024195151	0.05550502
478.5	130.5	-123.65970611572266	49.15229034423828	49.15229	-123.659706	0.019782571	0.020159174	0.014020132	0.011626147	0.011222404	0.0066419994	0.04202408	0.059769038
479.5	130.5	-123.6595687866211	49.15229034423828	49.15229	-123.65957	0.020990878	0.020996073	0.014901596	0.012389501	0.011113528	0.007144725	0.023270363	0.06466811
481.5	130.5	-123.65929412841797	49.15229415893555	49.152294	-123.659294	0.021715682	0.019920038	0.014240505	0.012389501	0.011549033	0.0069436347	0.041179087	0.046299342
485.5	130.5	-123.65874481201172	49.15229415893555	49.152294	-123.658745	0.0205076	0.01920258	0.012918205	0.011080875	0.010678017	0.00533491	0.019857708	0.049338184
486.5	130.5	-123.65860748291016	49.15229797363281	49.152298	-123.65861	0.019057406	0.019082999	0.011816175	0.011080875	0.00948032	0.00533491	0.019749213	0.037069544
487.5	130.5	-123.6584701538086	49.15229797363281	49.152298	-123.65847	0.018694779	0.016930085	0.010493596	0.010099338	0.0090447785	0.004530543	0.023786753	0.0506037
476.5	131.5	-123.65998077392578	49.152198791503906	49.1522	-123.65998	0.019299146	0.019561319	0.01435069	0.01140804	0.011331281	0.005737092	0.021895839	0.056672614
478.5	131.5	-123.65970611572266	49.152198791503906	49.1522	-123.659706	0.01942001	0.019082999	0.013799755	0.011626147	0.010351378	0.0066419994	0.030391207	0.05591928
479.5	131.5	-123.6595687866211	49.15220260620117	49.152203	-123.65957	0.01990342	0.019920038	0.013909943	0.012389501	0.011440156	0.007144725	0.027081395	0.06042057
480.5	131.5	-123.65943145751953	49.15220260620117	49.152203	-123.65943	0.020628428	0.020637412	0.014571055	0.012389501	0.0123111475	0.007144725	0.04893845	0.052243903
482.5	131.5	-123.6591567993164	49.15220260620117	49.152203	-123.65916	0.0205076	0.020637412	0.015011772	0.012389501	0.012093404	0.0069436347	0.046495374	0.064771235
55.5	132.5	-123.71770477294922	49.151763916015625	49.151764	-123.717705	0.0	0.0	0.0	0.0	0.0	0.0	0.0194455	0.10125071
486.5	132.5	-123.65860748291016	49.15211486816406	49.152115	-123.65861	0.021594897	0.020517858	0.014020132	0.012498548	0.011657908	0.0069436347	0.020472445	0.038628545
487.5	132.5	-123.6584701538086	49.15211868286133	49.15212	-123.65847	0.020749243	0.019680897	0.012918205	0.0115170935	0.011113528	0.0055360007	0.0345226	0.046058603
489.5	132.5	-123.65819549560547	49.15211868286133	49.15212	-123.658195	0.016518308	0.016331924	0.011044689	0.008027018	0.0077381157	0.0039272667	0.03012733	0.060815684
490.5	132.5	-123.6580581665039	49.15211868286133	49.15212	-123.65806	0.017123004	0.017288959	0.010162928	0.008027018	0.007084757	0.0039272667	0.028505353	0.04284087
486.5	133.5	-123.65859985351562	49.15202713012695	49.152027	-123.6586	0.020990878	0.020398295	0.013799755	0.012498548	0.011004652	0.0069436347	0.025124405	0.045704987
488.5	133.5	-123.65833282470703	49.15202713012695	49.152027	-123.65833	0.020628428	0.01812624	0.011705965	0.0115170935	0.009806971	0.0055360007	0.022222828	0.039340436
489.5	133.5	-123.65819549560547	49.15203094482422	49.15203	-123.658195	0.01591352	0.016571198	0.010493596	0.008027018	0.006975863	0.0039272667	0.018297583	0.020540241
490.5	133.5	-123.6580581665039	49.15203094482422	49.15203	-123.65806	0.015066668	0.015733702	0.009832251	0.008027018	0.0063224863	0.0039272667	0.0237142	0.044310514
491.5	133.5	-123.65792083740234	49.15203094482422	49.15203	-123.65792	0.017243935	0.0153747415	0.011044689	0.006936224	0.008064789	0.0031228964	0.056259338	0.043291803
218.5	135.5	-123.69535064697266	49.15163040161133	49.15163	-123.69535	0.01990342	0.021474246	0.011816175	0.01402514	0.012855501	0.007949084	0.023853535	0.18585896
220.5	139.5	-123.695068359375	49.15127182006836	49.15127	-123.69507	0.03088518	0.032104153	0.027895423	0.019694138	0.018842623	0.011769753	0.025795396	0.12640263
221.5	139.5	-123.69493865966797	49.151275634765625	49.151276	-123.69494	0.035943475	0.04021363	0.033946883	0.022091988	0.04288574	0.012071383	0.021906776	0.2051423
222.5	142.5	-123.69479370117188	49.151004791259766	49.151005	-123.69479	0.02038677	0.020637412	0.012256999	0.012389501	0.012420019	0.007546905	0.023725985	0.17915165
223.5	142.5	-123.69465637207031	49.151004791259766	49.151005	-123.69466	0.01942001	0.020517858	0.01192638	0.0144612845	0.012746631	0.007747994	0.027085725	0.2352334
222.5	143.5	-123.69479370117188	49.15091323852539	49.150913	-123.69479	0.02038677	0.018485041	0.010934472	0.012389501	0.0123111475	0.007546905	0.045813244	0.16363564
223.5	143.5	-123.69465637207031	49.150917053222656	49.150917	-123.69466	0.019057406	0.020159174	0.012477404	0.0144612845	0.01307324	0.007747994	0.030190598	0.18988779
222.5	144.5	-123.69479370117188	49.15082550048828	49.150826	-123.69479	0.019057406	0.021952383	0.011375329	0.011298986	0.01198453	0.007144725	0.028999615	0.14082597
223.5	144.5	-123.69465637207031	49.15082550048828	49.150826	-123.69466	0.01954087	0.022430485	0.012256999	0.013043774	0.01198453	0.007245269	0.02248821	0.17300573
222.5	145.5	-123.69479370117188	49.150733947753906	49.150734	-123.69479	0.01990342	0.021593787	0.0131386	0.011298986	0.012746631	0.007144725	0.03464047	0.12247808
223.5	145.5	-123.69465637207031	49.15073776245117	49.150738	-123.69466	0.020749243	0.021235162	0.012256999	0.013043774	0.012746631	0.007245269	0.01908537	0.18443252
223.5	148.5	-123.69464874267578	49.15046691894531	49.150467	-123.69465	0.01942001	0.021354703	0.012918205	0.013807065	0.011004652	0.010563231	0.018773017	0.1746257
222.5	149.5	-123.69478607177734	49.15037536621094	49.150375	-123.694786	0.01954087	0.02350608	0.014460873	0.031244298	0.019386837	0.017500656	0.02113225	0.09862715
67.5	150.5	-123.7160415649414	49.15015411376953	49.150154	-123.71604	0.0	0.0	0.0	0.0	0.0	0.0	0.020416345	0.14601259
222.5	150.5	-123.69478607177734	49.15028381347656	49.150284	-123.694786	0.027268162	0.030671963	0.01996872	0.03233353	0.016447943	0.020315789	0.022762012	0.10808642
222.5	151.5	-123.69478607177734	49.15019607543945	49.150196	-123.694786	0.022802645	0.02637343	0.016333837	0.03233353	0.012746631	0.020315789	0.026405215	0.10460684
222.5	152.5	-123.69477844238281	49.15010452270508	49.150105	-123.69478	0.022198822	0.02434253	0.013909943	0.0187131	0.01437963	0.012976268	0.02195073	0.10048153
222.5	154.5	-123.69477844238281	49.149925231933594	49.149925	-123.69478	0.020749243	0.021474246	0.011705965	0.018495085	0.019495677	0.011870297	0.02017476	0.1325716
79.5	158.5	-123.7143783569336	49.149444580078125	49.149445	-123.71438	0.0	0.0	0.0	0.0	0.0	0.0	0.024948174	0.21186048
224.5	158.5	-123.69449615478516	49.149566650390625	49.149567	-123.694496	0.025579097	0.029000668	0.02018898	0.01936713	0.023087181	0.01136758	0.024360744	0.22244094
223.5	159.5	-123.69463348388672	49.14947509765625	49.149475	-123.69463	0.033053808	0.036279466	0.025804184	0.01936713	0.02559005	0.01136758	0.018779065	0.225216
224.5	159.5	-123.69449615478516	49.149478912353516	49.14948	-123.694496	0.026665008	0.029836375	0.021400334	0.01936713	0.024610696	0.01136758	0.036433812	0.23501305
220.5	166.5	-123.69503784179688	49.14884567260742	49.148846	-123.69504	0.037387516	0.042596746	0.029546134	0.026232934	0.031900536	0.01569091	0.023439398	0.13092212
89.5	168.5	-123.71299743652344	49.148555755615234	49.148556	-123.713	0.0	0.0	0.0	0.0	0.0	0.0	0.021065958	0.19829912
90.5	168.5	-123.71286010742188	49.148555755615234	49.148556	-123.71286	0.0	0.0	0.0	0.0	0.0	0.0	0.022041976	0.23150682
91.5	168.5	-123.71272277832031	49.148555755615234	49.148556	-123.71272	0.0	0.0	0.0	0.0	0.0	0.0	0.0418886	0.22270851
220.5	168.5	-123.69503784179688	49.14866256713867	49.148663	-123.69504	0.021232491	0.028523069	0.016113505	0.021111092	0.018624933	0.013277897	0.026378162	0.16988443
218.5	170.5	-123.69530487060547	49.14848327636719	49.148483	-123.695305	0.022198822	0.025656717	0.015121953	0.02394464	0.01579481	0.013981694	0.020375468	0.055634875
220.5	170.5	-123.69503021240234	49.14848327636719	49.148483	-123.69503	0.024734301	0.026612312	0.015893167	0.018931113	0.017209912	0.012473554	0.018276963	0.15658274
220.5	171.5	-123.69503021240234	49.14839553833008	49.148396	-123.69503	0.024251478	0.028881269	0.01710497	0.018931113	0.017971857	0.012473554	0.02235232	0.22781758
221.5	171.5	-123.69489288330078	49.14839553833008	49.148396	-123.69489	0.024010038	0.028881269	0.016664324	0.019040119	0.020257555	0.018506063	0.019286493	0.23133902
193.5	172.5	-123.69873046875	49.14828109741211	49.14828	-123.69873	0.0	0.0	0.0	0.0	0.0	0.0	0.021155706	0.14070772
218.5	172.5	-123.69530487060547	49.1483039855957	49.148304	-123.695305	0.051079795	0.060084637	0.05186263	0.024598472	0.050605167	0.018204443	0.02323665	0.12914608
219.5	173.5	-123.6951675415039	49.14821243286133	49.148212	-123.69517	0.023044158	0.025298327	0.016664324	0.023290789	0.019169154	0.016897408	0.018194348	0.17824747
101.5	174.5	-123.71134185791016	49.14802551269531	49.148026	-123.71134	0.0	0.0	0.0	0.0	0.0	0.0	0.026297105	0.18190652
218.5	174.5	-123.69530487060547	49.14812469482422	49.148125	-123.695305	0.022078043	0.026731754	0.015121953	0.017077914	0.01633909	0.012171925	0.023671122	0.13130373
219.5	174.5	-123.6951675415039	49.14812469482422	49.148125	-123.69517	0.023044158	0.026492875	0.014681236	0.027758287	0.017754162	0.017299574	0.019278124	0.20978709
219.5	175.5	-123.6951675415039	49.148033142089844	49.148033	-123.69517	0.032692455	0.031984817	0.027345134	0.027758287	0.028092675	0.017299574	0.02851569	0.22354831
103.5	176.5	-123.71106719970703	49.14784622192383	49.147846	-123.71107	0.0	0.0	0.0	0.0	0.0	0.0	0.03548394	0.18076608
382.5	176.5	-123.67281341552734	49.148075103759766	49.148075	-123.67281	0.067352824	0.08699307	0.083121076	0.13657448	0.18212594	0.1772126	0.04097507	0.20615098
382.5	177.5	-123.67281341552734	49.147987365722656	49.147987	-123.67281	0.07284183	0.09538537	0.09822638	0.13657448	0.1621112	0.1772126	0.029126858	0.19896011
103.5	178.5	-123.71106719970703	49.147666931152344	49.147667	-123.71107	0.0	0.0	0.0	0.0	0.0	0.0	0.018100718	0.18625714
105.5	178.5	-123.7107925415039	49.147666931152344	49.147667	-123.71079	0.0	0.0	0.0	0.0	0.0	0.0	0.033405803	0.17296909
216.5	178.5	-123.69557189941406	49.147762298583984	49.147762	-123.69557	0.0	0.0	0.0	0.0	0.0	0.0	0.019904898	0.10019368
382.5	178.5	-123.67281341552734	49.14789581298828	49.147896	-123.67281	0.06806922	0.08853054	0.09461604	0.14382568	0.15377608	0.2149907	0.039260868	0.21844669
109.5	180.5	-123.71024322509766	49.147491455078125	49.14749	-123.71024	0.0	0.0	0.0	0.0	0.0	0.0	0.019023309	0.22511107
217.5	182.5	-123.69542694091797	49.147403717041016	49.147404	-123.69543	0.0	0.0	0.0	0.0	0.0	0.0	0.021065181	0.15123859
216.5	183.5	-123.69556427001953	49.14731216430664	49.147312	-123.695564	0.0	0.0	0.0	0.0	0.0	0.0	0.023581162	0.17458914
217.5	183.5	-123.69542694091797	49.14731216430664	49.147312	-123.69543	0.0	0.0	0.0	0.0	0.0	0.0	0.021762056	0.13460077
111.5	184.5	-123.7099609375	49.147132873535156	49.147133	-123.70996	0.0	0.0	0.0	0.0	0.0	0.0	0.029516404	0.17307685
216.5	184.5	-123.69556427001953	49.147220611572266	49.14722	-123.695564	0.0	0.0	0.0	0.0	0.0	0.0	0.023906961	0.15200475
115.5	186.5	-123.70941162109375	49.14695739746094	49.146957	-123.70941	0.0	0.0	0.0	0.0	0.0	0.0	0.027331632	0.14713377
115.5	187.5	-123.70941162109375	49.14686584472656	49.146866	-123.70941	0.0	0.0	0.0	0.0	0.0	0.0	0.025546715	0.18410295
115.5	188.5	-123.70940399169922	49.14677810668945	49.14678	-123.709404	0.0	0.0	0.0	0.0	0.0	0.0	0.031080574	0.15841861
116.5	189.5	-123.70926666259766	49.14668655395508	49.146687	-123.70927	0.0	0.0	0.0	0.0	0.0	0.0	0.023126064	0.2279653
381.5	189.5	-123.67293548583984	49.14690399169922	49.146904	-123.672935	0.0	0.0	0.0	0.0	0.0	0.0	0.021818612	0.09651161
138.5	190.5	-123.70625305175781	49.1466178894043	49.146618	-123.70625	0.0	0.0	0.0	0.0	0.0	0.0	0.035764858	0.024830505
212.5	190.5	-123.69610595703125	49.14667892456055	49.14668	-123.696106	0.0	0.0	0.0	0.0	0.0	0.0	0.019074084	0.06868604
141.5	191.5	-123.70584106445312	49.14653015136719	49.14653	-123.70584	0.0	0.0	0.0	0.0	0.0	0.0	0.0333678	0.03348544
121.5	192.5	-123.70858001708984	49.14642333984375	49.146423	-123.70858	0.0	0.0	0.0	0.0	0.0	0.0	0.029655753	0.11856706
122.5	192.5	-123.70844268798828	49.14642333984375	49.146423	-123.70844	0.0	0.0	0.0	0.0	0.0	0.0	0.021839289	0.117586136
124.5	192.5	-123.70816802978516	49.14642333984375	49.146423	-123.70817	0.0	0.0	0.0	0.0	0.0	0.0	0.021682475	0.23641366
141.5	192.5	-123.7058334350586	49.14643859863281	49.14644	-123.70583	0.0	0.0	0.0	0.0	0.0	0.0	0.051371608	0.09577784
140.5	193.5	-123.70597076416016	49.14634704589844	49.146347	-123.70597	0.0	0.0	0.0	0.0	0.0	0.0	0.046383202	0.050839122
141.5	193.5	-123.7058334350586	49.1463508605957	49.14635	-123.70583	0.0	0.0	0.0	0.0	0.0	0.0	0.03131383	0.104994364
122.5	194.5	-123.70844268798828	49.146244049072266	49.146244	-123.70844	0.0	0.0	0.0	0.0	0.0	0.0	0.019291788	0.23407568
140.5	194.5	-123.70597076416016	49.14625930786133	49.14626	-123.70597	0.0	0.0	0.0	0.0	0.0	0.0	0.031101948	0.027567936
210.5	194.5	-123.69637298583984	49.14631652832031	49.146317	-123.69637	0.0	0.0	0.0	0.0	0.0	0.0	0.025145823	0.1310561
385.5	194.5	-123.67237854003906	49.14645767211914	49.146458	-123.67238	0.03401726	0.04747929	0.038235996	0.094412625	0.18904626	0.06575599	0.020517368	0.19167665
125.5	195.5	-123.7080307006836	49.146156311035156	49.146156	-123.70803	0.0	0.0	0.0	0.0	0.0	0.0	0.02164614	0.1615733
127.5	196.5	-123.70774841308594	49.14606857299805	49.14607	-123.70775	0.0	0.0	0.0	0.0	0.0	0.0	0.02090396	0.06955833
189.5	196.5	-123.69924926757812	49.1461181640625	49.14612	-123.69925	0.0	0.0	0.0	0.0	0.0	0.0	0.043702286	0.17117617
188.5	197.5	-123.69938659667969	49.14603042602539	49.14603	-123.69939	0.0	0.0	0.0	0.0	0.0	0.0	0.020149184	0.1544716
129.5	198.5	-123.70747375488281	49.14588928222656	49.14589	-123.70747	0.0	0.0	0.0	0.0	0.0	0.0	0.020398103	0.07614653
145.5	198.5	-123.70528411865234	49.145904541015625	49.145905	-123.705284	0.0	0.0	0.0	0.0	0.0	0.0	0.024497746	0.22108503
189.5	198.5	-123.69924926757812	49.145938873291016	49.14594	-123.69925	0.0	0.0	0.0	0.0	0.0	0.0	0.022633588	0.040879518
377.5	198.5	-123.67346954345703	49.14609146118164	49.14609	-123.67347	0.0	0.0	0.0	0.0	0.0	0.0	0.022809314	0.18664734
381.5	198.5	-123.67292022705078	49.146095275878906	49.146095	-123.67292	0.0	0.0	0.0	0.0	0.0	0.0	0.043711342	0.21738647
382.5	198.5	-123.67278289794922	49.146095275878906	49.146095	-123.67278	0.0	0.0	0.0	0.0	0.0	0.0	0.03627173	0.16206698
383.5	198.5	-123.67264556884766	49.14609909057617	49.1461	-123.672646	0.032571994	0.05271481	0.03812604	0.12271278	0.20493424	0.07349615	0.03725373	0.19815756
215.5	199.5	-123.6956787109375	49.145870208740234	49.14587	-123.69568	0.0	0.0	0.0	0.0	0.0	0.0	0.030554317	0.1842358
216.5	199.5	-123.69554138183594	49.145870208740234	49.14587	-123.69554	0.0	0.0	0.0	0.0	0.0	0.0	0.020816155	0.1593486
380.5	199.5	-123.67305755615234	49.14600372314453	49.146004	-123.67306	0.0	0.0	0.0	0.0	0.0	0.0	0.030178567	0.20056808
383.5	199.5	-123.67264556884766	49.1460075378418	49.146008	-123.672646	0.031126201	0.04771737	0.033396877	0.12271278	0.14446348	0.07349615	0.018342674	0.18095158
147.5	200.5	-123.70500183105469	49.14572525024414	49.145725	-123.705	0.0	0.0	0.0	0.0	0.0	0.0	0.025865199	0.05682844
153.5	200.5	-123.70417785644531	49.145729064941406	49.14573	-123.70418	0.0	0.0	0.0	0.0	0.0	0.0	0.019681474	0.09454546
380.5	200.5	-123.67305755615234	49.14591598510742	49.145916	-123.67306	0.0	0.0	0.0	0.0	0.0	0.0	0.029855033	0.15901296
383.5	200.5	-123.67264556884766	49.14591598510742	49.145916	-123.672646	0.027991831	0.042120192	0.03306687	0.11957066	0.15020303	0.055301413	0.020499408	0.1841564
384.5	200.5	-123.6725082397461	49.14591979980469	49.14592	-123.67251	0.024251478	0.036756463	0.024263026	0.11957066	0.14782074	0.055301413	0.026537359	0.20290148
144.5	201.5	-123.70541381835938	49.145633697509766	49.145634	-123.705414	0.0	0.0	0.0	0.0	0.0	0.0	0.03047146	0.10568604
212.5	201.5	-123.69609069824219	49.145687103271484	49.145687	-123.69609	0.0	0.0	0.0	0.0	0.0	0.0	0.042856008	0.20663196
213.5	201.5	-123.69595336914062	49.14569091796875	49.14569	-123.69595	0.0	0.0	0.0	0.0	0.0	0.0	0.03373929	0.18175787
214.5	201.5	-123.69581604003906	49.14569091796875	49.14569	-123.695816	0.0	0.0	0.0	0.0	0.0	0.0	0.042842485	0.19655776
215.5	201.5	-123.6956787109375	49.14569091796875	49.14569	-123.69568	0.0	0.0	0.0	0.0	0.0	0.0	0.04966185	0.16483967
378.5	201.5	-123.67333221435547	49.14582443237305	49.145824	-123.67333	0.0	0.0	0.0	0.0	0.0	0.0	0.037263524	0.21955085
383.5	201.5	-123.67264556884766	49.14582824707031	49.14583	-123.672646	0.024734301	0.03830646	0.02888588	0.11957066	0.17163368	0.055301413	0.02113606	0.2274607
137.5	202.5	-123.70637512207031	49.14553451538086	49.145535	-123.706375	0.0	0.0	0.0	0.0	0.0	0.0	0.020387476	0.03308079
145.5	202.5	-123.70527648925781	49.14554214477539	49.145542	-123.70528	0.0	0.0	0.0	0.0	0.0	0.0	0.021435617	0.069606535
378.5	202.5	-123.67333221435547	49.14573287963867	49.145733	-123.67333	0.0	0.0	0.0	0.0	0.0	0.0	0.04492567	0.22534105
380.5	202.5	-123.67305755615234	49.14573669433594	49.145737	-123.67306	0.0	0.0	0.0	0.0	0.0	0.0	0.029926904	0.18496402
381.5	202.5	-123.67292022705078	49.14573669433594	49.145737	-123.67292	0.0	0.0	0.0	0.0	0.0	0.0	0.020935744	0.19218227
382.5	202.5	-123.67278289794922	49.14573669433594	49.145737	-123.67278	0.0	0.0	0.0	0.0	0.0	0.0	0.019318253	0.23921545
146.5	203.5	-123.70513916015625	49.14545440673828	49.145454	-123.70514	0.0	0.0	0.0	0.0	0.0	0.0	0.03496525	0.07210133
378.5	203.5	-123.67332458496094	49.14564514160156	49.145645	-123.673325	0.0	0.0	0.0	0.0	0.0	0.0	0.03290393	0.20613258
380.5	203.5	-123.67305755615234	49.14564514160156	49.145645	-123.67306	0.0	0.0	0.0	0.0	0.0	0.0	0.03638641	0.18519895
381.5	203.5	-123.67292022705078	49.14564514160156	49.145645	-123.67292	0.0	0.0	0.0	0.0	0.0	0.0	0.028826324	0.20465456
139.5	204.5	-123.70609283447266	49.14535903930664	49.14536	-123.70609	0.0	0.0	0.0	0.0	0.0	0.0	0.03823338	0.16158147
146.5	204.5	-123.70513916015625	49.145362854003906	49.145363	-123.70514	0.0	0.0	0.0	0.0	0.0	0.0	0.019003857	0.073871985
378.5	204.5	-123.67332458496094	49.14555358886719	49.145554	-123.673325	0.0	0.0	0.0	0.0	0.0	0.0	0.039593283	0.17139767
380.5	204.5	-123.67304992675781	49.14555740356445	49.145557	-123.67305	0.0	0.0	0.0	0.0	0.0	0.0	0.020224461	0.17156348
381.5	204.5	-123.67291259765625	49.14555740356445	49.145557	-123.67291	0.0	0.0	0.0	0.0	0.0	0.0	0.035508215	0.22601807
139.5	205.5	-123.70609283447266	49.145267486572266	49.145267	-123.70609	0.0	0.0	0.0	0.0	0.0	0.0	0.035691585	0.23479638
376.5	205.5	-123.67359924316406	49.14546203613281	49.145462	-123.6736	0.0	0.0	0.0	0.0	0.0	0.0	0.02220834	0.21341783
377.5	205.5	-123.6734619140625	49.14546203613281	49.145462	-123.67346	0.0	0.0	0.0	0.0	0.0	0.0	0.021743678	0.23408341
378.5	205.5	-123.67332458496094	49.14546585083008	49.145466	-123.673325	0.0	0.0	0.0	0.0	0.0	0.0	0.039544083	0.16847734
380.5	205.5	-123.67304992675781	49.14546585083008	49.145466	-123.67305	0.0	0.0	0.0	0.0	0.0	0.0	0.02271082	0.19056027
139.5	206.5	-123.70609283447266	49.145179748535156	49.14518	-123.70609	0.0	0.0	0.0	0.0	0.0	0.0	0.033956762	0.20525157
146.5	206.5	-123.70513153076172	49.14518356323242	49.145184	-123.70513	0.0	0.0	0.0	0.0	0.0	0.0	0.019317757	0.027992677
147.5	206.5	-123.70499420166016	49.14518356323242	49.145184	-123.704994	0.0	0.0	0.0	0.0	0.0	0.0	0.035721734	0.06796856
153.5	206.5	-123.70417022705078	49.14519119262695	49.14519	-123.70417	0.0	0.0	0.0	0.0	0.0	0.0	0.02384255	0.08694024
374.5	206.5	-123.67387390136719	49.14537048339844	49.14537	-123.673874	0.0	0.0	0.0	0.0	0.0	0.0	0.03867196	0.21346557
375.5	206.5	-123.67373657226562	49.14537048339844	49.14537	-123.67374	0.0	0.0	0.0	0.0	0.0	0.0	0.019937776	0.20168033
378.5	206.5	-123.67332458496094	49.1453742980957	49.145374	-123.673325	0.0	0.0	0.0	0.0	0.0	0.0	0.036739983	0.22764228
380.5	206.5	-123.67304992675781	49.1453742980957	49.145374	-123.67305	0.0	0.0	0.0	0.0	0.0	0.0	0.020770809	0.18022396
380.5	207.5	-123.67304992675781	49.145286560058594	49.145287	-123.67305	0.06997895	0.089712955	0.08881525	0.14934315	0.16773856	0.21599539	0.040919796	0.21582368
143.5	208.5	-123.7055435180664	49.14500045776367	49.145	-123.70554	0.0	0.0	0.0	0.0	0.0	0.0	0.024764137	0.13716315
147.5	208.5	-123.70499420166016	49.14500427246094	49.145004	-123.704994	0.0	0.0	0.0	0.0	0.0	0.0	0.02194335	0.056398347
152.5	208.5	-123.70430755615234	49.1450080871582	49.145008	-123.70431	0.0	0.0	0.0	0.0	0.0	0.0	0.022939004	0.048354093
153.5	208.5	-123.70417022705078	49.14501190185547	49.14501	-123.70417	0.0	0.0	0.0	0.0	0.0	0.0	0.02534774	0.06318985
143.5	209.5	-123.7055435180664	49.14491271972656	49.144913	-123.70554	0.0	0.0	0.0	0.0	0.0	0.0	0.028496142	0.22653934
147.5	210.5	-123.70499420166016	49.14482498168945	49.144825	-123.704994	0.0	0.0	0.0	0.0	0.0	0.0	0.02170547	0.14911257
207.5	210.5	-123.69676208496094	49.144874572753906	49.144875	-123.69676	0.0	0.0	0.0	0.0	0.0	0.0	0.029133037	0.085955665
364.5	210.5	-123.67523956298828	49.14500427246094	49.145004	-123.67524	0.02038677	0.02434253	0.013358988	0.013698024	0.015250519	0.009457249	0.020664113	0.2258868
365.5	210.5	-123.67510223388672	49.14500427246094	49.145004	-123.6751	0.020145098	0.023864575	0.011816175	0.015442568	0.016012523	0.011267037	0.03553426	0.20487714
143.5	211.5	-123.70553588867188	49.14473342895508	49.144733	-123.705536	0.0	0.0	0.0	0.0	0.0	0.0	0.032234233	0.1979085
376.5	211.5	-123.67359161376953	49.14492416381836	49.144924	-123.67359	0.095907584	0.11802307	0.1277231	0.17139505	0.19758594	0.26662555	0.020740533	0.2368357
143.5	212.5	-123.70553588867188	49.1446418762207	49.14464	-123.705536	0.0	0.0	0.0	0.0	0.0	0.0	0.023769978	0.23107605
149.5	212.5	-123.7047119140625	49.14464569091797	49.144646	-123.70471	0.0	0.0	0.0	0.0	0.0	0.0	0.021420833	0.02849968
145.5	214.5	-123.70526123046875	49.14446258544922	49.144463	-123.70526	0.0	0.0	0.0	0.0	0.0	0.0	0.040256795	0.20047034
157.5	214.5	-123.70361328125	49.144474029541016	49.144474	-123.70361	0.0	0.0	0.0	0.0	0.0	0.0	0.03471688	0.10457937
158.5	214.5	-123.70347595214844	49.144474029541016	49.144474	-123.703476	0.0	0.0	0.0	0.0	0.0	0.0	0.026912658	0.08082587
159.5	214.5	-123.70333862304688	49.144474029541016	49.144474	-123.70334	0.0	0.0	0.0	0.0	0.0	0.0	0.057055812	0.2282261
159.5	215.5	-123.70333862304688	49.144386291503906	49.144386	-123.70334	0.0	0.0	0.0	0.0	0.0	0.0	0.04229271	0.14822118
159.5	216.5	-123.70333862304688	49.14429473876953	49.144295	-123.70334	0.0	0.0	0.0	0.0	0.0	0.0	0.056699406	0.092175774
157.5	217.5	-123.70361328125	49.144203186035156	49.144203	-123.70361	0.0	0.0	0.0	0.0	0.0	0.0	0.031315506	0.033312045
159.5	217.5	-123.70333862304688	49.14420700073242	49.144207	-123.70334	0.0	0.0	0.0	0.0	0.0	0.0	0.048314657	0.12602226
0.5	232.5	-123.7251205444336	49.14271926879883	49.14272	-123.72512	0.0	0.0	0.0	0.0	0.0	0.0	0.023272896	0.16722158
210.5	243.5	-123.6963119506836	49.141910552978516	49.14191	-123.69631	0.0	0.0	0.0	0.0	0.0	0.0	0.02150648	0.12856463
211.5	267.5	-123.6961441040039	49.13975143432617	49.13975	-123.696144	0.0	0.0	0.0	0.0	0.0	0.0	0.023167236	0.084024794
211.5	268.5	-123.6961441040039	49.1396598815918	49.13966	-123.696144	0.0	0.0	0.0	0.0	0.0	0.0	0.064706095	0.084375195
211.5	269.5	-123.6961441040039	49.13957214355469	49.139572	-123.696144	0.0	0.0	0.0	0.0	0.0	0.0	0.036980744	0.051138785
212.5	270.5	-123.69600677490234	49.13948059082031	49.13948	-123.69601	0.0	0.0	0.0	0.0	0.0	0.0	0.020400805	0.060075264
212.5	271.5	-123.69599914550781	49.1393928527832	49.139393	-123.696	0.0	0.0	0.0	0.0	0.0	0.0	0.050470322	0.13258955
389.5	280.5	-123.6717300415039	49.13872528076172	49.138725	-123.67173	0.0205076	0.020039605	0.01435069	0.012607595	0.012420019	0.007747994	0.018513998	0.20447025
0.5	287.5	-123.72504425048828	49.13777160644531	49.13777	-123.725044	0.0	0.0	0.0	0.0	0.0	0.0	0.018947987	0.22465685
0.5	290.5	-123.72504425048828	49.13750457763672	49.137505	-123.725044	0.0	0.0	0.0	0.0	0.0	0.0	0.019347243	0.23355977
383.5	305.5	-123.67251586914062	49.136470794677734	49.13647	-123.672516	0.0205076	0.01920258	0.013248796	0.0115170935	0.011766783	0.00704418	0.026625002	0.10043482
375.5	306.5	-123.67361450195312	49.136375427246094	49.136375	-123.673615	0.020024266	0.021354703	0.014240505	0.013043774	0.01307324	0.0073458143	0.02483725	0.20554677
383.5	306.5	-123.67251586914062	49.136383056640625	49.136383	-123.672516	0.022198822	0.019920038	0.013799755	0.012062353	0.012202276	0.00684309	0.021093534	0.08722936
244.5	307.5	-123.69157409667969	49.13618087768555	49.13618	-123.691574	0.019299146	0.023864575	0.013689564	0.017513977	0.015032799	0.007949084	0.022780353	0.09208305
375.5	307.5	-123.67361450195312	49.13628387451172	49.136284	-123.673615	0.020024266	0.01920258	0.013579373	0.013043774	0.013290977	0.0073458143	0.051643077	0.18684873
376.5	307.5	-123.67347717285156	49.136287689208984	49.136288	-123.67348	0.02038677	0.018365445	0.0131386	0.013043774	0.01307324	0.0073458143	0.03473607	0.21050227
381.5	307.5	-123.67279052734375	49.13629150390625	49.13629	-123.67279	0.02038677	0.019441742	0.013799755	0.012716641	0.012202276	0.007747994	0.020205855	0.06857327
383.5	307.5	-123.67251586914062	49.13629150390625	49.13629	-123.672516	0.021474099	0.020159174	0.012918205	0.012062353	0.0123111475	0.00684309	0.02271141	0.028647352
375.5	308.5	-123.67361450195312	49.13619613647461	49.136196	-123.673615	0.020265937	0.018724227	0.013248796	0.01293473	0.011875657	0.007245269	0.033227924	0.14941585
376.5	308.5	-123.67347717285156	49.13619613647461	49.136196	-123.67348	0.019178279	0.019680897	0.012918205	0.01293473	0.011331281	0.007245269	0.023638075	0.2192327
375.5	313.5	-123.6736068725586	49.135746002197266	49.135746	-123.67361	0.021715682	0.021115614	0.014240505	0.0135889845	0.013944174	0.008652896	0.033189762	0.21263155
379.5	313.5	-123.67305755615234	49.13574981689453	49.13575	-123.67306	0.021474099	0.018485041	0.013579373	0.012825686	0.01263776	0.008049628	0.024068974	0.13573305
0.5	314.5	-123.72500610351562	49.135345458984375	49.135345	-123.725006	0.0	0.0	0.0	0.0	0.0	0.0	0.0406172	0.13688603
0.5	315.5	-123.72500610351562	49.13525390625	49.135254	-123.725006	0.0	0.0	0.0	0.0	0.0	0.0	0.032574598	0.22438808
229.5	318.5	-123.69361114501953	49.13517761230469	49.135178	-123.69361	0.0	0.0	0.0	0.0	0.0	0.0	0.05265631	0.115022615
241.5	322.5	-123.69196319580078	49.13482666015625	49.134827	-123.69196	0.0	0.0	0.0	0.0	0.0	0.0	0.021582708	0.085501514
241.5	323.5	-123.69196319580078	49.13473892211914	49.13474	-123.69196	0.0	0.0	0.0	0.0	0.0	0.0	0.040419336	0.07400105
